760000053020080040005000900000000000040010070603000104100304009000000000006827300
140000050700200000000300204200080400080090020006050001809001000000006007050000069
000803000060000020005000100006459800002000700050302010830000075000106000040000080
060500400803004070005100000100060009000000000400020007000007600070600105009001080
020805090040090010000060000300000004008000500002901800001403200703050908000000000
000002000004010053080693000400030000970000085000080007000175040710040900000900000
600000009040000030007001000003029060901000402080560300000600100030000040500000003
000005980840000050700060000200408000009000800000102006000040008010000095063700000
000004000100760040000000239023000400000658000009000570934000000070039006000800000
050000080009000300020803010070302060300901002001000500100040006006000700000586000
207600400940000000008400900600070004000090000500080007004002700000000053001007608
010000206609080000000304000003001000407000801000800700000603000000070602204000050
200000009010060030068503410080607090005000100901000703000205000500000004000000000
020060400000400010000008500009087003100090007400530200005100000010006000003070080
900806005003000100080090020009000500000937000000108000800241006402000307000060000
068000002001950000000000970090006000530000048000300050056000000000021700200000360
790600000042010000106000000000007049020000010670800000000000108000040630000008097
800207006020040070050000010000802000900000003002000100630090085000301000070000060
108000703000205000007000900400000001000508000009040200280000045010304090003000600
002080000030900040090000003820500000140000092000008014700000030010004070000070900
900000004000000000000174000000702000008060900530000086340000052007625300000309000
105000620000800700030100000000080170600090002091030000000009080004008000067000203
000305000601040307400000009008000500030000020000206000000901000080030070200050001
005007000000009023800002006057003060000000000030100270100700008970300000000800300
600000005570000083000807000006409800040000010000060000030020070005080400800534006
002000905000108030001042000000000069700080004940000000000710200060903000504000300
850201074000000000610000093200070009300000001000634000100080007004000800030060020
000637000090804020800000004040000030060902010005000700000206000600010008901000302
015090000600000000000200305031006007000305000700800560908002000000000004000010230
010000040000905000000020000709000201000000000000574000080402030300010005065708920
004000800000270006000003005090000052018090670370000040800100000500082000002000700
008050700407060509200000003000801000000000000003409100030000080050010060020504030
090000070005301800000050000400905003070208040000000000702000605900000008060010090
910007050700020000000605000002800507009000300405001600000302000000050006040100083
307000906090000050008000700020000010900106008600070004000060000016000890000923000
300600000100000005004070060890200000502000408000007019050030100900000006000004002
000600005049000000007000802900060008060238040100050007308000200000000680500001000
050000000708040309001009080000000130080903060023000000040500600507010208000000070
000058090800000000612000008070029000005060100000740080400000653000000004060590000
000000906061000000200001008050680090007030500030049080400700001000000370809000000
900000401030020070800000300000950036040000050250068000002000005060070090104000008
004706000700005001030010400300800070020000060050009002005060090900200005000501300
040010070602000508300208009000804000901000702200000003050000090000793000000000000
009010600005000700000948000000493000300000009020080070080205060470000085000000000
000020000040107000036400500005004000160000093000900400001008640000205080000030000
050000030000020000000319000006000400200108007001205800040000050060907020030080070
000000040569030000000100508000002809400060007602300000806004000000080426050000000
000000000350907064009030700900000007040080010200503009476000193000000000010000080
100020008000301000002985700000208000400000005050000030030090080070000050805000104
300000028960100040000200000000040530000708000071020000000002000030009014480000009
006492700030805010000000000053000140000206000010050090300000007800000002040000080
000800060900000013001500800840000001000030000100000089005004200720000005010006000
009050130080000200007806000000500009300000002200004000000603900008000070012070500
056000430000000000000205000000107000860000041003000800970000012020070060008509300
005000100100000004406010205001507600000030000800000002040908060062000570000000000
100070030000005027503100000017000000000801000000000680000004908650300000040050002
600039000100002470000000800070900000400156009000004080007000000031500007000320001
702000009000103000000042007096000050004050800020000340900610000000705000100000904
800274009000103000500000001730000082000000000080502040047000650002401900000000000
903000402005967300000000000000000000000408000730000046170020083406000705000090000
080420000003000070004060500000008109800000005102600000005070900010000400000091080
000300000017000063090020500002004390700000008051600400008070030630000270000005000
000805000400030006300000005000173000060000090000050000601000402800409007024000930
000510070058000003900003000600080905300000001702090004000600008100000390030024000
000004620008500000400070809070000050000427000030000060802090004000001200057300000
000000700040005306200003050007950003000000000400081200030600005708200040001000000
050040070307000106006201400000000000000104000200050009070309080081000360000706000
040210037050300000800000000060700000903000406000008010000000001000003040780064050
908000041000001030000000002000006710004020300031900000300000000040300000720000503
000004108800700940010500000002009000089000650000400200000007020061002007907100000
000000005000106900074050003010085060800000004020640010100060820005204000300000000
001006002009030001007408300418000000000000000000000183002604900600080500500200700
200600010000470009010500060032000905000000000109000780050003020300094000070005006
030000080000106000002040500600070009001000200095000130000309000170000023009000400
300060004009010500405000801002000700810000023000604000000030000000508000020090060
000300000100000203040500600012700000908000506000002370007001040604000008000005000
000000564030060000600908001005007000490000082000800700100203009000010070523000000
000840000020000800060000305304700001200010007800003502509000040007000090000031000
036000000500700800100300002008034600000000000004980100600001009001009007000000240
040002000780001400000000060007500038800000002420007500060000000003700056000800010
090076100000000208480000000500040000900601003000020001000000074706000000005490030
000090000010000020000607000700050001000709000009080400050000030800345009306000107
320010000070340600000000005000800013200504007840001000900000000005076080000050091
006000700000208000500000009400010007000367000020000090070080030009501800043000560
000010000048030760095000380006708400000000000020060010057000830030000020000293000
400890100800063000090004000004000950300000004072000800000300070000120009007085006
000004600906000005070090000400200070059070460010006009000010080100000507008300000
100050007000000000605807903041000760008090500000000000000139000060000020800070009
100500060002080030000006809700003000000201000000800002506100000010060500030002008
000507080200000000906013000100300009002080400800004007000260701000000004060105000
900071000000005070100000300090300200074080190006009040008000005060400000000890002
000008021048000900070026004000000680000030000064000000800140050003000160790200000
006008000010000320000020007068304000001000500000206130300090000072000010000800200
000060104050002003730000006004700000000815000000006800200000095900600070605030000
000000000000541000500060003400206008001903600006010300200000005040050070003000100
000600509900700008016000000600000014000974000340000007000000820800001006709005000
200090000130000700800074030908000000000486000000000107050810002006000059000050004
800050007004000300007080400708000504010000030000601000000403000070208060900000002
708000000045000000000005802000086250030020040059430000103800000000000460000000908
000586000000000000093000460009000800004358200080201050001000500400030008020060090
408060000000090070600008001080000000190543087000000050300700005010080000000050906
700402001009000500800000002081070950000583000203090407000000000004030600000608000
600050007030000000080409200015300000008000300000007590009501030000000080200070004
000050000000206000064000390045000810000020000000107000053000980090804060100030004
000000000003702800060354090089000160070645030000000000040000070200506004000010000
500000001020600700780005000904001008000908000200500904000300017009006050600000002
300005007010030590020008000708000000090000010000000902000900040032080070400600001
600040001030008700009700000003096000906000103000120500000002400002400080400010002
004009300010030050800700009006800020005000700020007900200004007040050060001200500
000500601000030700000070025300005290020000070058200004810090000009080000602004000
900050003000697000000000000007805100020709050300000004200000009006000400409103608
000000000940301076800020003009706300081000960200000004000509000090040010005000400
600704005000000000900268001020000090004030200007000600060040050000020000300906004
200090003040807010030060050070305020002406500000000000700000008409000201000102000
040000060000635000003000100005409700004702600900000004000204000300010008016000570
300000020064500000000901604010007300700000001005800090501603000000002810080000002
060040030070090080001000500006102800100000002080304060700000006019060370000010000
200000056800000000040620000502480000100000005000095308000046070000000003470000001
000000009014500060706400000000005040609308107070600000000007508080004320100000000
010084092004000800503000000000090050000706000070030000000000109008000700190370080
070000020003000700100805009050030010002000400400060002004607500000010000010254060
000403100370090000600070009000000415009000700842000000100050002000060081006201000
000300700060009084001002000018004030300000007090200140000100400520800090009006000
000401000003000900061000240007090400050000010008703500080030060100000003500020004
064020080001060000900700001000600009300401007100002000200006004000010700080050610
009005010003004005050100608000807200000000000001302000107003080200600900080500400
080926004509008000000000003006010000070409080000080100600000000000200601900361070
900080000034050000008600005007039006010000040200460800600008400000070130000010009
039000510000010000006907200400000002000000000057801430000604000310000067090000020
010000060006010500509000207002409700000060000080000040000907000400000009071040680
803000604009283700000060000701000206400000007000509000004030900000601000020000060
200006000307050000000709050073060080800000006090080570040308000000070803000100002
000570006430000007006000204000001800010080040008200000901000700300000015700019000
000080060860500400004000705008700000009801200000003100902000600007006052030070000
050010002000402100009300400806000003100000008700000209008003700002501000900060020
050000200403000006006005001030006090007020500010800060500600400900000603004000010
010028073080007000000000800000003190090040050032800000009000000000500020670180030
040209010100000008000541000900030004020010060000607000003104700410000093000020000
095000810010306050030000020000892000000145000002000500000000000003020700079000460
090507030800306002000010000000050000004000300020603080003000900002408100501000806
020601040009000800001278300004020600700000002000435000200000009007060200400000008
004895100000070000800000003450000012007000800090020040000702000700503009600000001
000603000003209400000040000031000290450000071020000060240000089000050000600407002
000010650005007000090084000903000040040000090080000102000670080000200300076030000
050801060000040000003902400005000300410607092030000070040000080002406100000090000
003000700010070080000304000208000601000506000090203070000000000040090050906000102
003000090580700030020800000000547008004000200800912000000003010060005084070000300
000005010000603008000000540080700090309504801060008050034000000600401000050900000
020000060050901070001000400190804025000030000047000310008000700000040000010702080
053000640060708030100050002000060000700000004030804070006010700000609000005080100
000805476804000000020600000001007004300000005700900100000003020000000801278104000
620010075001605400000307000080000040700000006003050900200060001004000800000201000
700040001604000908003000600000219000500000009030000060100806004008705200070000050
000020000008501600000406000080060090200070005000802000120090086040000070509000203
000965000003104600090000010080307050100000004009010200008000500700090002000248000
060040210000600004005000600400008790009000500021900006007000300800003000093010040
100060003038509410000000000000000000400901007065000390200000004570000086000408000
000275008080000040200008009000000870600507003097000000300600005010000090500893000
010004600000000109006070800960020000100000003000050026008010500701000000004900060
301000400500860020000005006000906042000000000490302000600500000040089003005000609
002058000300000070607900200430000000500010002000000084004005309010000008000120700
100064020020000600000000904200130050010000090030086007602000000001000080080740003
000000000380000076060318020000000000003607400409000103050040030008000600000020000
300020005000050000060000020006090100210000049050000080004000900600408007007901300
001000400060804020900000003500030001010000030036000580000607000200050006080090040
070000080000002000950700200060001002120905076500200030002007091000100000040000060
075010300000020001300007090410200000003000600000006012040800005500060000007090430
090126070070040030001000600600597008100000007007000500000762000080000040700000009
004105200000000000900823004040000060030218070708000503000501000000000000025000940
000093002060000870000500010450008000001000900000200084080005000035000020900620000
050070090040205070300401005000903000009000100704000908020604010008000200000010000
009702100800000006102000905000346000000070000604000203700080004006904700000000000
007000000100300060050060403002008009700604005800500700905010020080003007000000900
004000500010705020000824000060000070042000130005060200009030700000040000107000809
600000009000309000080162070000804000030000080070090010405000307068040190000020000
000007900300000000051009026000058307080000090407190000170600240000000001008200000
030100400020000035900700000000401502000000000408506000000008004680000010004009070
009120460008006500000000000020700190900000002074009050000000000003500600057014800
010000063027000009000080200502600000000704000000003105008020000200000970360000010
509600000010003000030500104000000049300070005280000000601005030000400010000006408
000800200040900000620003040000040130002000900037090000050400023000006050008001000
704293000350001000000000070000400209070000060809006000040000000000600095000172803
005000700010000040000597000008403200000000000040981030800234009004000100030000050
080320000000000007620070400010003500902000104006900070004080069500000000000097040
000003874003000001700090005000420000045000180000038000400080002100000400982600000
900050001070102040005060200000405000040809060000010000008000700600030004003207100
000407000060205040010000020040609050003000200100000009200080005950000082004090100
700050096000006000020000705000004003307105609900800000809000030000400000630010007
060000570005000809000206001000900008006000700400002000700603000308000900054000030
003040800008060700050302010002000500070000090600403008010256030000030000000908000
600007000890002700100040090000006010009501300030400000050010003004800051000600004
006000300000602000502000107020000070100408002007905600001369400003050200000000000
090041000008002401050800000600200000903000608000007003000003010809500300000170060
800004072005000004003908000000093001000010000200580000000209600100000200540100007
000050047000080609070006000003000064401000708280000500000200050602040000350090000
090000600006502000010600520007000030005901400020000700054008070000705300001000090
000090010015836000900000700280003000000208000000900062003000007000642980040050000
000901000000000000503000209020000060056010820308040705000238000000090000062000370
000000000030841050010000070600020003090000080002108400007000100000215000080603040
080000030400070002000501000090000010040010080500628003000249000070000020802000401
108000040070004062000090500306040000000108000000060407004010000510200070020000901
500040006000080000003706100080905020002168500000000000409000705000000000806030204
000000930400000008021053000000045003004901500600730000000590340100000006048000000
000053096800007000000002100580300010400000008020005043006200000000700002170560000
300000008020010090890000047000506000002341900080000030001000700008030400000907000
800000007000305000005010200052106340000000000000928000201000604060704010080000050
008090400600030001070000060007402600006010200030000040000278000000000000405901807
000907000006805100200000005100402009040030060008106700700000002003000500000598000
008000000000250700000004601040000280090706010061000090207800000006043000000000500
600007010000146070007000900765000400000000000009000365008000700040875000070300002
007020000010000060902800050000006009604902503700400000050007102020000040000030800
000005000605020700701008940000000020000906000030000000046300501009040206000100000
580300100001050800070009000097000008060000010400000570000400050009020400002003096
010800000000019006007006280436000700000000000002000348073100600500380000000005030
050007030000300900309008002000063200003000500006410000100800704002001000070200010
020000030600000007053000140001809400000305000090702010000090000700000004019030820
100800570000009210090040000300900050007000300020006008000020040071400000064007003
100009570798040000600002000012000008000000000500000320000300005000070416061200003
002806100000090000300000007003000200600704008820000045000010000140080063030050080
010609070020701050050000090200000005000040000604805302060000080009010600000502000
070090050500010006004000800001904300003000600960000085000000000006807100040000030
038000006290010000540800100000100000020060040000004000004006051000090073300000290
030000000002379004004008100000080097006000500520010000008700400100834700000000080
010006800060000000324000067000048090000709000030210000540000376000000040002600050
087000910200000005000809000000030000305060802900000006800010007060000020002674500
008509600760000094000000000000040000090802030800000002070396020009020400030000050
000030000092040008016800200500003700000080000008700009001004970400020160000050000
200709005600030002400000007002000400000104000000567000840000063029000810007000500
009040000080000045400005639000520000030000050000039000794200001320000080000010300
270000060000500900000001005608050700000376000009040306900600000006003000050000084
000000360050040008000852001007500000260000053000006900600294000700030040041000000
016030290003000800490000076000904000000000000600105009200040005570000068001000400
050603020800174006000000000700000003004305600010090040000000000400010002520000067
000952000000000000061040520000136000100020007080000060203807401500000003000090000
007300000802040000603209000000000956000000000748000000000608401000090602000002300
200071500600000009800500000070025000090060040000740050000002005900000001006390004
802005070000092000500400000100000060960020054040000007000009006000350000010800302
280306095030902060000000000300000008004000700890000016008000100700683002000090000
837005000001630800000900100000000067000302000750000000008003000009024300000500724
009300100000600007046007002090000081000010000680000090500200710400001000007004800
709000400000040006800906000007300080080604020020008100000703002400060000005000901
003400090098073001200000000080002700020000080006300020000000009900860370050001600
060000020000000000290000053000000000607108205008326700100465007000000000005907800
270000053000000000800709002060203010000904000001060200003040100700000004040607090
900000001250000076800000009000609000030174050000000000005040100000803000040702030
980000024000040000026000570000105000060000040001402300704903208005000900000080000
009003500180702400000000002300050000700000003000040005800000000003609027006400800
003050700405000806067000520040107090008030100000904000000000000000293000800040003
000000000000010000080206050300000006690503078001908400006040700000000000205307804
000000054006030800200740000000500309080060020901007000000029001003070500670000000
800000007000010000000352000009060300000000000008207600201905704650000023030000080
000000040000004900610908000400000052027406890890000006000502078009700000030000000
000800400900415000056020008000000600703000209005000000300070140000946003002003000
039000680010000030600000009000070000040090050000851000002685400080030070006020500
000802000050040600480000100000300004076000520900006000001000073008020050000107000
068000500001009000000047003004005008200030005800600900600970000000300200005000370
008000100006104500001957400007403800090000040000020000000208000800301007030000060
007809500800706004000000000000503000500040007003000100400000003001000200320901086
087000000002070005000026040850200000009040100000001052070980000500030400000000310
370000800001070002000000041000600059000809000610003000820000000900030600005000094
052000000000879000060200030040002008509000206600500040030001020000385000000000180
000720053000005900000000008040390060300080005010052040800000000004800000290034000
030000050009807003400010008040230000001000900000064080500040007700903800080000040
040090010300000002000708000001203500090060030000409000000506000074000650063000840
000000703703500010080600004000800020300070009040009000100003090070002805605000000
005001086000207013060080000901000040000000000040000109000070060470506000250100400
030705090000109000070000040804000207093000680000403000209000103400000006000020000
000050006003600008007039200006300010100000005050007600001790400300006800900040000
409000070000070008008005130000007009040602080200300000067400800100050000020000901
000000000091080607030007805000005091005000700310600000906100020108020350000000000
008030090000907200000006004510000003000724000600000082300500000007309000090060500
000483000030201070000000000907040502400302007200805001095000480070000050000000000
900800100000032049000005200094000000058000630000000910002700000780310000005008006
000000000000513067903000000406050010020701040070030506000000409710249000000000000
000005006800400050000680040400090500005806200007050001060037000010004002700500000
004020060008400000610087000079008000050000080000500930000310094000002700030070500
000050801400000300028076000690400000080000060000008047000710430005000009903060000
500000007006090300090030080008613500000000000060502030000000000710060024800709006
000000000860000095030201080080000020700000003590702064009010400000504000000827000
030000090010502040095000860000726000006000200800104003000607000300010008500000006
805003020006020070000040003200000000307205806000000001900010000040080600060300904
000020108000001063100700050000032400080000020007190000030004005670500000504010000
097200006000004500080000000200180070700000003060095008000000030003400000100006890
090020001007010000086009000000001030605030204020600000000300820000040900800060050
300000060060025970000000300007003008000478000800500400001000000093760050020000003
000308000040020070001796800010000060960000021025000730600000002004080500000060000
000302000810000035000708000006020100020000090409000508050060040070040010300000006
807003090005010400000000800060001070700050008040600050002000000004090100080500206
803000904060000050000178000530000068002000100000040000000050000070090080600201009
000001500710000000000300104180900005003000200500007089409002000000000028005400000
000060000376000820001900076020050000010000040000080050480007900092000165000090000
009006070800020500040301000004000030000187000020000100000703050006040003090600800
200000005000502000090010030000803000083000570010409060950000016000000000706090402
000080000200000008304050702703608104000000000090000060000000000400070006030924050
040072003008500020703000000000100079000307000280006000000000902010008700500740060
000000000035402690089000170008000500120000069000307000000000000010050020002169300
380000019007040300006000500040708090009000100820010074000906000000000000100203006
020079000004000060900010000830000605010802070406000021000030004050000700000190030
000700000000300174900012060007500009005000800200006700040920008569004000000003000
000050000012000560470000081009203700300000008600040002003904100000307000040000090
035010890000040000400000006000409000009187200000020000720000018006000300301000702
030090010500000007008060400100030004000954000005000200050000060060213040007000300
000405007306000050070008000000004010903000804060900000000100070080000103200309000
200030009000854000007090500000000000702000604051906820006108200300000001000060000
006930010004060009090008005009800007000000000300005800900600070100090400040052900
200000000000040070070208003005900630301000805069002100400309060050070000000000001
180304072420000038000000000035000840004010200000000000040209060700040005000601000
901200000400008000500070009049800001030000070100003840700030004000100008000009502
905030000040000690060840070691000000000000000000000986050014020087000050000050107
800000009003000200000845000070106050000020000001050400100000003040010090006907800
006504200700206003200080007010030020050000080087000430900020005000000000000813000
400500801000000020080300040090003600500906004002800070060002050070000000305007002
902000306000000000800739005400080009020000040008407500000108000604000902500000008
020705010501000403000000000790040056803060107004000300000070000200010004030000020
060000040007405300001963200000738000000040000008000500473000689800000002000070000
002400080400079000050200000800700000519000732000002008000001050000920004030005100
020000050004000700060401090000000000000708000970040032045090120700000003002307500
000000503346080200090000040000200080600708005050001000020000050008030421903000000
005009010360000080000600004400207900000060000006103008900006000020000057070400200
000000080200600390008070005300890600020000030001047008700060100056009002040000000
020000010000000000580000096009472300010906040000010000040000070700000008802000603
042000760000000000005872100000308000010605080000000000009000400001020800380104052
500900001000006400012300800090000308000050000401000070004007930007400000800001006
000000000080000090000245000200010004970050023065000810700090001009106500020000030
900040008008609300305701906000060000020000090003205700000304000001000600500000009
008070300090302060007010400000605000009000100060000090805000607020704010000080000
082000560000000000000753000050000030400208001800000006509000302000000000036070140
690270000000000090000000470000040027704109605930060000053000000080000000000023048
000300060002000107008002004006980000400000006000046200300600800601000500020007000
007100200350070000021400000000060300640000091008020000000003510000040029004002700
900032000420059030000000070006000008340000059800000600050000000010890047000570001
200040008100050007300809005950000026000000000007904300006701500001060800000000000
040300000000400790000067230500000900100090005006000007071930000065002000000008060
035700000000002001010060004006000005501203609200000700400070080100300000000008290
014000950000080000080020030400203009000000000020104070600000007037000620800605004
083000910004509300050000080800010009000000000000652000705000206036040590000000000
900000001007604800000030000050000060002109500100000007009000200380000015270000043
000040000080906010009000700040000050100050003006302800300408002071000460000605000
000020000000700823400500010070000506009207400806000030010008004685003000000050000
000030408040009000300000500008054009600802001500610800007000005000200060802060000
006203400300000002087000360090080010600030004000105000800000001000609000405000906
004910000250000307000072005001000000070106020000000700900560000806000092000029800
000030000000406000108000206300205004850000017060000050005607400900814005000000000
040006000020000030006100700000005017000739000590800000004001200030000080000500040
000000000023401580900000007000000000090208030208090104009806700000102000500070008
340060081002000600000080000605070103901000806400050002000905000083000590000000000
000417000000000000060080070090000040100000003080965020800020004025308710030000080
000002000054090000800000106032000060400705008080000730205000004000080610000200000
000002030007040806605300000002600004900000008700004900000008309103020600080100000
670080014000509000005040900700000008000705000021000350040000090200104003006000700
004789200009030700100000004000142000070000020000000000601508403000000000903000506
000000100008670000600350820050060001000409000900010030074036002000028500001000000
037080940080000010000010000020604070000000000005070400210703065006802100000040000
200000543000000006800300900300760400009000600004018005003006001900000000721000004
004605200000907000000030000200000003380000041001000800007804500008000100050291060
000040000001000300760000095900010006050302040000604000020105080030806070600000002
000369007000008120003200000600000070040080050050000009000007500024900000300642000
000105090023000700100200000090000800200010007001000060000006009009000430070504000
400000809003940050060800000000061035000000000920570000000008020010032400602000001
000652000000000000006080300060000080090000040302104709035000620200000008004807900
