007020850200516000400000006070648090930102068060953020700000005000495002029060100
003700040200954800094103702039000486060000020452000390607408950005297004040005200
014600380980201074200000009050108093000050000890302010300000005570403061068009230
400029006000700000002014900708901020903050807020806109001690500000003000300180002
640008703050420018708600400800000160090030070071000009005001906480096030109300087
500004003000071600031600400480020300010807040006050081004002730002730000300500009
000041020709502000000360090320000850904000201081000049030094000000708105070150000
410905062380072019000004000168000007050040030700000285000700000840260073570408021
403000059700400600016900708000807320000020000052304000108006930004003001360000407
020010840709200001604000290000030020800102004090040000037000602100005903062070050
000385200020406010700001000892000037600030002570000469000500001030107020005293000
000400090912086040003010520030000005058000710100000080021050900080740132070003000
205760081600000500093500604000406708100000009407301000902005840008000007760038905
304070586900618000800300009050000810170080095089000070200001007000523001541090208
003402810204000000100080043700508004005000700800601002420090005000000106057103400
020075300003006502590000060760103000900040005000509037070000051209300700004810090
100000208003802000500760090020307160007010400091604080010073006000406800206000007
008000570409070000203000846000289000080704050000563000945000108000040305026000700
407530901000207600950040007090000052702000409540000060800020076009801000104065208
903100074104070000007940135000000701061080590702000000379014600000030907510007308
070000580900084307350720000010607200034010670007205030000052041503170006082000050
000280300059047680840500090020000807930050046406000010090003065063410920001062000
300200578400039000100005000053020007040508060900040820000600001000450006671002004
400650801080010040607400300000145903250307064301296000003004206020060030104032007
000092000090147350047000100760405030430070065080306049006000910074938020000560000
000000060301596000006130980090607510065040730047301090012063800000215309030000000
200819034190650080000000000800030095520901073730080001000000000040097068910346007
000249050200000700043570800500307401701060309604908005007054120002000006050182000
100090685600018700870006000096851000780409061000763940000600072007180009321070006
020000000910006503000302007805021030490708051030540806200103000503200019000000060
600300018140078020000091000094060005016802490800050160000580000050720036730006009
006000000031006850098130462080307100004010700002409080453091270029700310000000600
376010502001070008500003079009060000760124095000090600150200006200050400607080253
060400000020185063005360100090020481016903270247050090002016800170538040000004010
000008050680075010002130700850000900047000620001000078005062100060710032010400000
001083000063000490040600012600104200900000007004502009430008050085000920000740600
000006900060780030203090500300109070052000690090507004007050208030072040009800000
600800031298400060000006040003908026000050000980604300020100000060007594840009003
090000000007203605032790480020604510004000900051908060015049720209106800000000050
000401020604390000000080040100040076073608510950030002060010000000063807080204000
100305002035970010000400080300000658080000020572000009060003000050017860400609005
000000400047056800000407503079048006060709050100360980405601000001820630006000000
076003080300000001001086504103070000008601300000050708607530900200000003030900160
301805009060001050005000104750106003000000000400208067108000300020400090900507201
500000007078600050003700910000276890000409000056831000031004200080007130700000004
040200650300000701157006900005178004000509000700624500001800497809000005034001080
820030015750000069000045000008901000906000201000307900000180000680000047590070032
206980007030200050009100604000000846500000001183000000608001500010008060700039102
020000100098002067500067020075080000009103600000020470080240005460700890002000040
050973800000000007200514000702050409801209305305080201000145006600000000004736010
200056039508000000009201670102609400900000007007105902014907200000000306890560001
000059400049008020108470690390000500207060904006000018015084702070500840004720000
603010407000009100120003009039604000500000002000902370800100034002300000306020508
605000028820016430040000007030201000070040010000703050900000080051420076780000501
400008002016070030008040570700293000051704380000581007045020900070030460800400003
600347095500000000007906800703501409100030007405702601004103900000000002270694008
216000804007004306390006012089407000000010000000605430170900043502300900903000271
004701000006005000001090578640010005002406900100070046498060300000300700000209400
043020090102309006000004027091000080600010003070000160930700000800602709020090630
002896500005000000600003092807261004100709008900548706740600009000000400009324600
801030006053000080000078053008040000409307801000020300720190000080000930300080204
010000500000107002207560300080010760001306200036070010008035109700401000003000050
003004560652003980840000012470080000000302000000090051790000023024700195085200400
096003270207610003400070096100000030064030750070000002610040007800067905059300610
000080010824100090000203040009040360600809002037010800070301000010008536040090000
600904058270008010008300600520000106000000000807000049005002700040800061310407005
805170029240060010000890003000000307654000182302000000500043000060020034420019806
037610400000007002902004708023000007600080005500000390304200906700900000009068570
004003560670040080805000304200060000080407020000030009709000805050070096018500200
109405007020100080003600409300020751000503000285010004502008100040001090900206503
200000903043090050100073040002609000056020170000507200020730006080060520407000001
700080025140000380083001900004070000600903008000010700001200450072000036950030001
000000150409018000708600920070040300020803010004050060041007603000320509093000000
500007243400023000800650000930000500075000890004000032000065007000910005152700009
170290508000007106620010000080000009204000601500000070000080013809100000401035092
400690813100000000209013700002804006305000108600107200001940307000000004764028001
003080010900100000006394702009713420601409807024865100305978200000006003070030600
043501000050000091001028306106905007007060100400107809809640500560000070000709620
106900083390020070000130006000000705089070340507000000900042000070090012460003908
000356700097020030605790280700000103451000928308000007012037605040080370003265000
004009860300160500560000001600405030010000050040207008400000083009084005071500900
008105900360208075502907304000302000290604053000080000000000000031000590040090060
000007000023080050007450160200906300096000510008205004052073900030090280000500000
300000091890005060005190400040507900003000200008901040006074100020600074480000005
030716000000004006001980400470000308509030601603000027006073200800100000000659010
309060842000090000006020930802500060034000290060002504051070300000030000743050609
600800095802070000000103020004080901080305060201090300070401000000050603130008007
048050000000710402013000508000507090950080073060903000406000980501079000000040150
001950720476020080500600034000040807250708091708030000830006005010090243045073600
308000579500038000209710308030020700042386190001090020407053802000260007623000901
200590168830640050100000000000205081680000079710809000000000004020086095548017006
000000000082305060004869250026901370009070500047206810035694100090107640000000000
000300000032960040000827010001409386085000120643102900060791000010038260000006000
003004700705000041080000502806009010500841003070600804607000020250000409009200100
700000009000102000401000308004908600590306042010050070005769200100000004370401096
020100030537080041000073060006020007013706890200090600090510000160030524050002070
007801060806700000000025087208040019004206300650080702180370000000002801090108500
000030100000206800736051900092000010401000602050000340008510237005302000003060000
000640070740000010003201400002809704900000006408106200001307900060000021090012000
004016000010009370059000206480050000500801009000070085605000840031400050000120600
010365000030000459020400000600040903400156007701030005000008030369000020000613090
600200519310098060200001000039405006020060040700309280000900001050170024162003007
030000800000149002204078100086703020071020580020804610008430901900587000002000050
284000006070009834090087001018952000007108300000673180800790020742800010900000748
080004600050089043600200000170020400040306070006090031000005008710860090008100020
102400005090802430040605009027000183000060000934000650400503020059708060300006504
804703091900601000000040006290000015003050800480000037300010000000206003620407108
050700800076010034203000570000103009040000080900804000064000102320060490001002060
006502000003890000002000719400060097080309060630070002768000200000026500000701900
047600000009025004002900617090507801030000040104309020871003200400870100000001470
582703009000100506010002007207000065000070000640000801400600090103007000700304158
007503820904100000500000061700201084000000000630405007240000008000004102071309600
801200459700000000600109008007302506000000000409608700500406001000000005342001907
810006057506080001000140080400000100078000290002000005020038000700010302930600014
090005070800073609046000300670020000020516040000030068005000930409350006030600080
300100049801934000000000010030090071040708060170050090020000000000873602580001007
749000356000070000000000000004807600010309080087605910000000000908102405270060098
000800150403600900560071020007080049001307800820090300030560094005009601094003000
400830701083140060106020380000000075741000836530000000057060108010085640804091003
560017004020005379030820000170000900603000107005000083000046090457100030900730015
010300000000064105060815000086000901097000540501000620000142030108730000000009010
001204000003100000007000216400379052000608000970521003852000700000005300000702800
097001060680000974054907102106000300000090000009000405905306740723000059060500230
005000000076058130020076058047305000082090370000107860730860020068530490000000600
090508130100009702820000000560080001000376000300090068000000047205400003041902050
200000975410009060600850000040903600001040500003508020000021009020400016186000002
600800004000025300080361000052000608046000230308000710000958070009710000500002001
005016090920000060000003005603142000200308006000695307800500000030000071010280500
900007004006845000000690020610000540092060370035000096060024000000153400100900003
090048000001006408042030610480000000906000805000000039034020980508400300000780050
400000006008794000002600840080020430050903070097040020025009700000286500600000001
583000001002500609060021053006208010001030900020405800170360020205004700600000194
400620007080904310030087000098000042601000805750000690000410060064208050100069008
900580004000042900060903000034000605150000092806000130000109050001430000600075001
010520000009076005005010320040000002523000781100000050068040200400690100000087040
940070015700000008006090400000359000805607301000182000002010800300000002160020097
090003600080602017600057000749000050005000100020000493000740008270106030008300040
000268400004050000208003150607905001190000076400601905026300508000010700003827000
007320500015407060800006047059000078300000004420000350730800005080904130004035700
097600200010580049800007003008000067060000020750000900500700006270048090009006170
608050704007063000900400031060704300810000076003506040780005003000630800306040905
105079623700500000600200007900306580400000001052708004500004006000007005247690108
053004180106003004900001025647030000000508000000040732720400003400300807031600240
007013000062000030008020195400701000201080409000209008625070900090000740000960500
002315700007006000800000041930604002600090004700801059510000007000500300009148200
003000280850001090201003607082936000000702000000458120504300906010500038098000500
902006053180000020000970008700104300006000500008203007800037000030000071270600904
000601450480000760160004000604207008000090000800406209000800097031000045058109000
060500300005204106230000050020907081000010000850302070090000015503409800002005030
020080130300000007400326000001802900204050708006907200000279004600000009049030070
001500070904708000008200549020000451000000000613000080135004200000102804080007600
300090106060450390240006000005000030970010025030000800000600054026043080401080003
200800305005300900390406010006000723000000000928000500010608037009002600702003008
001000040940003520025640809070030200003897400008060070109072680067900012080000900
300005708001720500560000030600080040080106070050070003030000027008057100706800009
040080350800460201610003000006517090170208035050634100000300062301076008067040010
200000603017036020400002010042305000060080050000401980020100007090520860301000009
100080006025906030000024090051000040807000902040000680080190000010502870400030009
009400120400050000201080405000605001015000690600708000106070508000020004048006200
500001074730504810020086000986000030002000500040000621000450060057108043610900005
654000901001405007307001654065000070000050000040000190419700503500609700706000849
080500000040000876063010400000163002006904700300857000005070160734000080000005040
200003007001897000000100040930208610060040090017609082080004000000316800300700001
008100090410500720097002401004207038000010000870903500209700150041005062050001800
800200704009086000400305090042000506030000010105000340060502008000940600201008003
800730092970562080000008000038405016260000058590806270000300000040259061120087009
008740060401026300060000014030607005680000043200804070570000090002560708090073400
234009017800000602070008003902503000000020000000706201400900050308000009710300426
050037900009001804810050030470060000206704305000010047040080069908300100005970080
020009000015740036003600910800000760040000050096000003078005600130067490000200070
261900703009002108340000029010030006000508000400060010590000031804100600103006897
900060045100590000000801000001254630680307094054986200000608000000029007820030006
431700008000921003000003005097805032020060080360102590200600000600237000700008216
370500009065078023000030080030817002087206340600453070050020000740980130800001054
000006500008400300452030980500204060007000200080609005036020849005008600004300000
001067000039000070000803014708106200500000001002305806610508000080000120000710500
054000000002034005008010964080703000046000710000801030475020100600470200000000450
400805602009300000200060030800503079002000800940102005070010003000008700603709001
270054003008006204050200090820000700900000002005000041080003020103400900400670018
400000206000941300510200000030080620020105030084030050000008042002714000309000008
080100200037020081204000950000010006050907010400080000049000103360090870008003090
008104200000830400340000008400308065060050040820401003200000017004087000009502600
900058403080004050405200700860000200200000005007000086009006504050900010706510002
098400500003060901120003086001000005030000070700000100480100069902030400006007210
009008160420030050700000008200619000070803090000754001600000005010060079082500300
001500000040006830032900104020090507000703000708040010109002470064300050000001900
010409800040000153320001000501398007000502000200764905000100094152000030009603020
000461800030000050100350000400070902208605103603010008000039004010000080007184000
420000907087000026105007380009871000000206000000439200072900103960000750801000092
309580002050401030000000005060904053100000009590702010700000000030107080900038701
041070800000400009208030704000704080902010405080903000704060108600002000005090640
000001870790058140410060000950000000064090580000000064000030091089710052045600000
020004360680900012700005000106080090000103000030090201000200005350001079078300020
005000700040517620630090001010905030089070160070801050300050016061439070004000300
750006009068040027009007160206804000090020070000703902035600400910030750600900083
100009706086307040900050010250708090004020100090105062020070004030504620409600007
590300408002900701170028090008000047007050900310000800030680072704002300805009064
000009760800346500690000000910407030040000010030801052000000045005723008089500000
040000000051800273030260010000492380003605700082371000070056030398004160000000040
000060040138700690069003150002386070600407009050912400024600910013004726090070000
641000008000800103030061009007080010009104600050090800400620090203008000700000382
706000903004029000800103054029708500040050090007904380460201005000480200201000409
100020035900005400057009200064080000700902006000060870009300640008200003630050008
108500406000070900530004007001060008090408070800050600700100069006080000904006205
045900000000710205020003009008301026010000050360805100200100030801057000000009510
300006085970028030005000900790802000010000090000109048007000600050360072640200009
207060008006007300040020017020103000603040501000609030530080060009200100400090803
000040000008910400090608030007206840830000012049107600010805060005061300000020000
390800041106000002000120070000040705003795400507080000030018000900000803820003057
290005006008001309016009720362000000000060000000000962075100240601800500900500081
001573090900800000000091007604000073708000501390000602400360000000002004030149700
060004900040260017700900000600040350090302070053080001000001005510026030006500080
809401607007096500062000010005304000000050000000608700090000170001740300706103905
070003000020400875040180000900030520003902700086070003000061090162009050000300060
600057039278090050000400070500000700360000091002000005020005000050040916480610007
400128005050004080001900400740000609200000007109000024004007100080600040300492008
047020000010036047006700503020000700750000086009000010502003100470250030000090250
703500009005300700012000365000106042000000000240907000567000230004003500100005406
201060005030500010005213908008000230306000104042000700507186400010005020800040501
420005006000008709080120000740050900008702600005090078000089060504200000800500017
070060230800020007106300900000040800410902063009030000002005401700010006051090020
700230096603007000000085010027000003506000901800000750060850000000700609370096005
600500007008076000005098610093000006061000890400000130036740500000830400800005001
630080091200009506015000700060070000100608002000010060006000320701300005340050017
600020008032006940090500010050907800800000005003805060080004050065300170300050009
000700800030059210260100000080907402020000090906402080000004075075890020002001000
300700008002031700070082010068000009027000180900000270040810060001650300700003001
002035060640010030000200005900752600820304071007168003300001000070080056080620300
706003098500960000000047001908000060051000820060000509800650000000089006620300905
000000100020010360316087400001070000042109670000040900003290546064050030005000000
094010830100300005308700102000000940400080001019000000506009304900006008073040650
206008309001002000700004012942060000000407000000080423620700004000200500309800206
800000905039080620720004080002090000070406030000030100090800062048070510607000004
000759100000003900941006300124000008600000001800000294005800623006500000002967000
002000030810060050003002708004796000020308010000215800608500200050070081030000600
010090000005010308032000540000321000820609034000784000089000470501030900000040010
508009004001060800070204015906000700040000060005000208150802090004050100800600502
120504086500086007000700000350000904010000070906000051000008000600470009730605048
061000000007602001009001576032807060000000000070306210256900800900203600000000190
009050800076809502050000009025080000080901060000070380700000050502704930004060700
004000080500347000003805407069702140040000070027104890908201600000569008050000900
009180600040005080800000009010327005700901006500468010100000004060200070005046200
867003200200004001040000639000049007000106000300270000426000050100400006008600413
005070610460000070300008004003957000900206008000834900500700006030000092098040700
701058302030900040200040001400000010302000409080000003900060008050007020607820904
007010000000068500038507609023701900560000087004806310305609120002130000000080700
080003000000480901065029700903000040046000520070000308004350810708012000000800070
074009000000004008000560007810347600007602100006198074200036000700900000000700520
340086007000100009002054600403000010109000206060000304007560900600002000900840062
000602890081097030000030070005000062092000750760000100010070000070260410026109000
300000708096300010800702030001090850000504000035080600080406001040005380209000004
014200300009340002300000014000010085070408090680020000940000007100062900008004530
020067000000400002006253900205000430401000809087000601002698300100005000000120090
008037400001960000900000035700309040480000023010405007820000006000056300003190200
726040008008006002000080067010902000509000201000401080960020000200500600400060729
000309000000620800072140300200000759069000140743000002008012470007064000000703000
000420090106930400040001080004000027670000038230000600090600050008059302010084000
003000700062010580870500042000109200020000010004702000610005024087060350005000100
000000070740905820082000900020471050000602000070853040004000560017209038030000000
800500003052000790040908050005201607000080000403607900090705020024000860500002009
040300800030069072700580000050000604094000230602000080000094006920870050006005090
304060207000100300761005804006000080100090003070000900207500639005009000609010408
400860005000000700056103900001090406900306001607080500008605340004000000100024008
052090100006100003100040085000020010809305702060070000630080007500004300007030850
000045000098017050000900040230104500180090072004802013070009000050760230000520000
000508200008010000702904510805000402060000050203000106081209703000070900007401000
600210009754360000200000000310005080060801050040600012000000005000076198100052004
