050703060007000800000816000000030000005000100730040086906000204840572093000409000
302401809001000300000000000040708010780502036000090000200609003900000008800070005
000823001003000400070000052300960010000102000010038006830000040002000900600789000
500700032100326000000000000020070058010803040890040070000000000000654001230009005
002009000015008760040000051620407000000010000000206074170000090098500610000700800
060010030830605029000000000006030900092000570000409000285000716000000000470000095
600002305000970016021000009070643000000000000000891040200000530310064000904700001
008004003050097040400501002300000000047000260000000007500709004090350020700200800
000050000700000001005904800204030107003491500000705000001000700500306008320000069
236000591010050070008000400849000237000000000000428000097000140000306000580070026
700000520086000000009780010400070200600304009002060007070035100000000930058000004
010000060806000504030405090008010700000509000004020900080104070309000205070000030
008000070570200940030089005002000090001070500050000100600430080027008013080000200
090000030080000040040581060430000025260309078000010000370000012000000000005402900
010040020003859600048000570000000000090060080825000761100706009000010000007000100
720900080008000209005100000200001400809000507001800006000005100602000900090006043
000204000008109700009060800030010070070508010406070205004000500050030040000020000
005300200000520100210800009000000821060010050421000000800007034006058000009003700
000203000000000000152000386028706490007000500000080000000010000310408059040090030
001028000006005000002070469210000000805000604000000021728090100000400900000160700
000890000020400390045000100000309041300000002810502000009000670076003080000086000
570002000004001050003000670000200903007030800309008000092000700080500400000400069
000080000506000403020301050000000000000103000490000087300709006078602130000508000
146708003039000006700000000008900704000803000402007500000000001800000460600504297
070600200604900000903000681000000106031000850205000000317000508000004903006003010
070008026560009080000100045900006030000905000080400009240001000090700051810200060
070060800008004009209001460083000000400000001000000750057200103600300200002050090
800000040042800006390420000000040009420090053600080000000014027900007630030000004
005802600200050003070000040010305060680701059000000000007020300500010004000903000
700020008800501006000000000081406370000902000040080050297000845050000060300705009
000500900000000700400173080060004100037050640002900050070261005003000000005007000
849000057760000028000009003002106000000030000000807400100400000690000014420000786
203100000506300001000700029000570200100604003002039000350007000600003102000006805
000000000070000835802070901094001000060807090000500310503020607618000050000000000
600000004009000200801000705700040003050803090308902406000000000020705040900020008
100002006092006180080000020430010000000908000000020095060000040028400760500800003
300000000000005940069001058080030000203408506000020070130700460052600000000000001
100407002200000006070000010540000021306102504001070900000301000000050000010609080
000000000005483100040000080500804003960000041080030050001609400420301095009000700
090010800000806002500900000050040670100309008068050010000004001700503000003080090
001020003500000600090051027000900386000000000968005000810230070009000001600040800
006005042702004000040806003000000500054000890007000000600308050000600708920700400
037000490020000080000936000000314000500208009002090600008000900200000005900645001
009010700020564030080309060000632000070000080006000500460000097002000800100040005
170642058350000061860105027000000000200000003000704000490080016000000000030451090
000908060809070300040000090600803009080010030900504002070000010002040508060207000
064050290030000070050924080009506700500108004040000030000702000600000002000080000
008305900500782004400010007005106200000204000760000031000000000000503000930000072
000080700005002040000075006700000204428000651901000008200140000090700800007060000
000168000680000007040700602001070000400205006000040900204009070800000093000312000
675010000201800050004000100900100020040050080010007009009000500050008302000090864
360004007001000003000096040708401000005000300000705201050140000600000400200500039
010000080430089005970405300000302800000000000003506000005208039300710062020000040
030100590900500037000090816000030000709010308000080000486050000370002004091003060
080090403390760001005800000000000306002374100803000000000008900500036048908050030
087506120000070000060813090000205000170000059006000400010357040040000060500408001
000036070470800060000790000100000250609040701023000006000027000040008095090510000
020030080100206004000000000001000900002468300006905800017000530300109002000020000
210905000400080300090100500309000004060000080100000207002007050006010009000509046
096080210070000060200905007000000000003090500459030178002000800010000050704050902
052749810400000009000108000000507000203906501000010000030000020041000930020364050
000054000060000090200080074105200038820040057340008901580090003030000010000410000
000804000016000940008070300005000400900362001070090030500000004091050270000107000
005000090000385100310070000000064208070000030802790000000010026003542000080000900
000000000001040200300102007000000000640000075500908002068437590407529608000000000
002040300013905670500613009090807040000000000004050900020000090085000260170000053
806000003540100600000070900000701009210309067600804000004090000002006094900000301
100300008070010050000854000008000904059060780407000500000693000060070010900001007
750609003030000096006000200300020009000897000400030005009000400240000010600208037
520000064000874000010000030090602080080000050203000406005407200076080540800000009
080507010500030004000901000670000029000379000004000100050000040908000201127000965
403508109000000000000936000300090001080000060004107500800040005605209407040603010
140030082700000001050000090036080510008793200000060000000104000080020070074000160
150000062900506003000809000001030600206000409400000005600080004005000800800654001
010307050040060080089105620007000100000791000004000700430000019070609030008000200
080050040002409100490000076300040005054070860200000009600000004049000380000020000
007060400200408003080107050000000000510000048394000162000010000030609020008000600
086020000020050803000000900203600094700304002850009301002000000601040070000060140
005000900060523040800609005200030009000408000004070500507090806903000104000000000
000647000042000000180000040700006800006895700008100006050000037000000910000289000
070500209001200008930000000000804300003010700004307000000000074400005100708002090
500000008306709104072000590009302600000576000000000000200435009000020000001000700
007204300400103009200000006000070000031000860740000021390607018000905000070080090
008020016000040590000000804065300000700106002000002960806000000054090000910060200
094002800000001009803000204460020000000607000000090053506000908700400000002500130
000506091000002000800000027014900805030000060208007130920000004000200000540301000
100080007020700530060402000003000640800000003016000800000306010042005080300020006
009506300040080020010402050800000006020030070070801030068704590000050000001020400
000063700090001000501040600005620090809000307020089100006090803000800060008530000
000481230000070080060500000608000103007000900904000608000007020050010000079648000
000283400060004300005690000000000012010050060570000000000047900004900080008125000
900000001002507000065009000006030142800000009541090700000400810000701200100000007
000492000800607009300108007030905070910000086000000000703000902100060003200309001
200000003000982000000000000086504190030208060000060000600703008005409200019000470
008000200407208601000000000053847920000000000800090005080904030070010060910000057
290000074001000600050020080045000290920000047000000000300207009000906000700503001
008007004509010080306004090000000157000000000127000000030100205060050908800200300
002010704040600008500000106270100800003000400006009072809000003600008050104060900
004070300520030000008029010001200008060050070200007900010560400000010057002040600
640000087030090020000000000005402700016000590870905063004821600000030000060000040
030000070806000902050809060001040200000602000007050400020104080403000109060000030
040000900002014000000900307600402780200000006057801003509006000000740200003000060
000501000610080054070402010006000100050090020008613400947000261000070000000206000
902137000000580703030040090305000009000000000100000406010070030704061000000452107
200004000001000000670030900040680070705010802060053010004070098000000200000100004
010035900060000000370009004007610000502000601000082300600100045000000020001270060
500000031230401705010000900000006070050329060090800000005000040603504017420000003
307904508001000300004806700000185000005020900600000001406090803000000000000703000
010746050000000000000030000500000001002509600700000003074108320009070800820000016
067000580001030700950060014046908170705301408000000000070080020000604000000207000
507000401020000070100502003002030700000647000008050600800709006090000040706000908
000906070100000003050483000024305001000070000700108950000569010300000006060704000
050004000302080000000006952500001200091000840004200005829500000000070109000400030
003004006001980000954060308000002030002050600010300000805010963000038500600400800
400000009602907301000030000000402000004090100201070508900050007007801900106000405
500080064104500000000012090009000050801020403060000900010230000000008609430060007
030000010200000005700080009040000050000406000105209603004703800070108030860905071
096270540400500000100000826009600000030040060000003700825000007000004003043015680
018002000090067000705090030000000106580000029407000000070040805000120060000600340
010008090200500307037000100500080020000406000020090001002000570406007008080900040
060802010005163800800000007001594700000000000209000106502000603300040001000706000
100000009000263000806010703064307850000000000908020604002000400380604012040000070
609020407200000003073000910000070000020000090000508000008010300410203059000709000
300502490000060215000000080002400003010000050600009700090000000136090000087306002
000805000500000009708921504106000705300090008009040200000000000050070040004203800
060000080201000605030406090008030400000805000009020500040709020503000906020000050
370080015000000000420605078000503000601000407087000230100804002750000041000000000
009075060070001038020000001010407005000000000300509080400000070830100050060730400
340000207020000390009002008900560000006809100000041005400100600065000030103000084
600804007301060408070090020008000100590000042100942006010000050000401000000050000
000090000700536004160000025430000051005000400901000708086709240300254007000000000
090000850008032600007600209900380000000706000000024005809001400005240700026000090
002006003009500070804000002680030720000000000027080065400000206030009500700600800
600040900030690002200085300000004000092050480000800000007530001500018040006020009
000300800000069500640002000062704009030080020900206340000600075006120000005008000
000000500100030780200500003605708040001409300040103806700004008028010004003000000
602500790000000000947000025000090050080704010030060000360000987000000000075008401
010000000000201006003054100089030010005607800060040230007420500300906000000000020
301000200000002040480300006000040635040050090257030000900006087010500000004000509
009024080002560409405008000900000001001080900200000003000700108108093500090810700
004000600000903000051000270410000023800562001205000706002306800000000000003798400
108050702006000400090020080470080031039000570005603200000000000260010057000902000
900080207000400800620700000000801750800050002074902000000004091001005000709030004
300000007570403091000050000000080000100000009406907102010268070003010200802000906
080000000203800400750249010000020001002368900900070000010736084004002506000000070
790000803001600004600080050000807010008000400020306000080070005500002600103000097
300090846100003500860400000010000200900080005005000090000004038009600002678010004
006018230000000049073000008590800000704000103000004065400000720810000000037250800
007005900045008070100009053734000000000000000000000521680700005010800490003500600
020000090608000705050704010001060900000807000007050400070906050106000208040000060
603000508200408001000000000000030000050109020020687090870000016000516000002000400
100000204000710090040000017003802000700090008000103700950000070010086000402000003
084000750600000003100060008000704000009806200045000630000601000001000800007409100
006004701010060004007000023600002080301000502020900006970000100800010060105200400
100605004400107008006000700008030200300908007000000000060090040200806009001204500
800004300000000014006350800200030900060809070007010003003062700150000000009500002
009400006200107000007900040028000010030258070070000620060001300000603009500004100
000750020657000000420960000000500003706030902900006000000017034000000619080093000
900002003030804201708000000000000010047090560090000000000000702406708030300500006
070040080010000020409000106300827001000000000045301790000000000700216005203000607
507601809120000056048050370000835000090000060000000000004912600900000002010407030
106004002070008010005000709640807000000030000000106054304000600050600020800700503
700000009400010006180906054004208500000090000058000690000509000873000915060070020
000093000090050023030201700208000300970010068001000502007809050620030080000720000
504070003090081000000500007020090600706805904005010030800006000000150060600020509
500000040007000815000010903000760009300090001600024000702050000891000200060000007
302060701600000003074010920067080140290601075000000000006908500000000000100204008
190000000050640000000009254001760003049000680500098100826900000000084060000000039
000487300000100700830002000709000051400060003280000907000900035005008000008354000
805000603000301000360504071080000060093000450000090000004000300000938000008020900
080940700709300000006010080900030402000864000604070005090020500000003901005091030
006204700003000400200070001009000100000791000702000803007806300800409007400030008
000604000600718004480020036005000400046000710000471000020905040850000067004000900
900040003001900000004070180000805070103000905020106000069080300000002700300060004
600107900504600007190000600008200040000408000040003200005000082400006503002304006
790800041000000000134900086003001090000379000080200400270003168000000000310002074
081005079470000600000068401000000017000931000910000000206150000009000023850200160
035002000000500020200903007420000790090807030071000045300708001060001000000300450
130900802000000003905802600008000907000050000301000500006204301200000000409008075
070000190000050206034002000000015007045030960700460000000900820408020000016000050
670500001048010600035000400586000000000904000000000213003000170001030940700002036
000000000000603709000078650910004530060159070042700098079240000408307000000000000
010000090000209000860030042400000001050000080090408020530040019008050700000187000
120000704000070030000052108007060900000308000008040200706980000080010000305000016
003010600001308500000000000800407009300080006070090050009643100000000000506709304
000010000009803400500702009900050006080000040120090078600421007410000065003000200
800070052002000700037004001620040090009000500080050046300800170006000300750030009
020409030006020900890000076050040060403000809000683000501000603030010040000030000
034705820001000300270106095000000000000010000040263010400000009500020006106809504
000730180300000900271900000400003000060040090000500003000006529002000008087019000
720600000500000600009321004000890030050000080030017000400758300006000005000002019
007008006020000007038007400002004015006905800540100900004600590300000060700500300
050007000060000438090260000400050300005901200006040007000028040918000050000600070
000908060004600900006025140013000890000000000079000310062310500008007600090206000
900506001000403000010080040000000000861000324002108900000030000009040800630000019
080200400570000100002300000820090005000715000700020041000006700003000018007009050
210950004090060037000700000000000308920000015805000000000002000680010040100047096
024000650100000007008010900000000000260090083080501070600903008002854700000070000
970306042805000109000050000207000304010020080400738001000905000000000000100847003
040000000086100034001500260000305840000040000058902000095008300160009450000000010
900801005000607000870000069490000057080000020000375000040000070008060900109000603
000006007007050000054090100090304080003060700010907050006080410000070900900100000
060050030000306000007000400030000060014020790700000001000000000900147005051609870
103600400590001008000200000809020000207080905000070204000002000600800039005003802
200010007000207000050000020005020400001549200300708001070804030000000000630000085
200040003600239008000000000029000530850000016006102900070805060900703001000010000
869000312020000080070108040030000090700060004001902500000836000400070003000010000
780000021960050084000000000300609008097080130100030006030806010006201900000000000
024009030000600974000080020001040000207050809000060700070090000539006000080100290
600589002030402060000070000000000000102060904006050800800040001010000070750020098
030000200001970603540002080002000090010090030060000800070800029205039100006000050
030000080000791000005000700004080500001204300200305008002508600000000000503010809
090000006006890000203706090100020000054908320000070004020607809000035600300000050
013090460800000005000040000200000001970010043060705090089403710000000000000678000
400000007006030200005702900850473026000806000004020300003209800068000590000000000
490001300060009008007380090080000700036070520002000010010047900800600030009100087
000000000305904601040010030200000007007163400000207000020801070806000302009000100
570060003030005060601007000053000001000080000900000270000800402080100030200040019
040000590890500062305002800000001040006090700030600000004700106680004057073000080
000709000200080003070204050800000001000501000160070045050000030030000010604090508
200900000800503000054706002008000009097000420100000300300105890000802003000007005
005040009420703000003805070000000006040157020100000000060408900000201087200070600
040137020007809400800040005090703050630000047051000890100070009000080000000906000
057038000006100207000090000630000001070020060500000034000080000205007400000910370
600185009000000000590000087800000003000704000054020910080203090460000031007040500
000000900020041060609005400014507000050080020000106540001600203060750080002000000
031020960000060000600301004960000083000000000000953000405000609080204030020506040
004000500086000420520000068003000200200178004000306000002010800010000050408205906
300050007010702090000080000908305102032000640005000300090507030700000006000206000
000600907000000300704300200040507600060080010001406020003002806006000000102008000
000102600000050290900006003300600900100030008007008005400500002026040000005203000
000801000005064100060700080250000403090000070406000012010009020002570900000103000
001000400509030108600801002320000085400506007000000000800403001040000050900010004
900160200000009508001050906000687002000020000200391000506070800809500000007018004
084520000000007000306908000200600800065000740008005002000106508000200000000089230
306028010100300000040001060800000000200867003000000005030100070000002004050670208
700003801050087090800000000140802000070090010000105029000000006080710040605200007
009603004010700080400080003000000641005000200164000000600010002050002060300407500
000002708700004903020800100000080096000050000830040000003006010906400007502300000
009003000710000000800795300050009800207000906006500070005812009000000042000900600
100500009054007010000040070070010004003829700600050030020070000030400160500003007
000800000102040080006200307200160000309000102000029004605002900090050203000004000
009001300852030070300007000040920003090000040100074020000700002030050498004300700
008300009090000200100080047005094080400000002080560400850030004003000060200008900
910600803080003076300000000090030001000507000600040030000000007570300040203006018
012000000503000006060041020900000070050824090030000008090570040100000903000000580
000620030082005090530000060007098000100000003000140900050000019070200640010079000
200090004040608020009407100010030050090060010605000908054000690000203000000000000
000802300400000050007000129090405001001000500600903040534000700010000002002304000
080000700030670048605000200000080070040509080050020000008000401760094020001000090
003108500060000020000020000630000054082000960005000300906734102800050009000906000
003000100208050903060000050700000005006301400380000019000030000030907080609020501
800060004071000650060080070000509000003000700056000410200806001009000200000192000
302109508000803000000020000007406200400000009000985000030000050078000120009502800
004000900090000030201000507800000004002641700007000100040508070003207600700000001
000620941080400000400057000027000003004000500300000270000590007000004060976082000
050600200002800003700015090006000017005000900320000400040920006100006500007008040
098006000500070108001300040049000050000090000030000920010007400902010005000600280
000400605006090030014080000240900703000000000907006024000040350060010800405002000
090000040500206003000070000002307600700000002064010730900000007001708300400020001
010030087806005040070100603002300000000050000000009400705001030060200705120040090
038401270040030060000000000005080400290000038480090051070000080020050040000749000
700000009000509000002146500000000000097000850004802900009000400800324005205080306
038000720004873900000000000302608104000000000045902830000000000070104080050020090
304801607000375000000000000050904030600080001038000790000030000080609040006000900
600403107000000000500900430060008070002090300070100020028009005000000000401802003
400709003070305060020010070010834050000000000600000008500080001038106520100503007
109308002080705040000000008320000015000010000650000094400000000070106020800904607
800000007090072300003005000010000004509748201300000050000200100006180070900000005
003000400000080000006712500400000001300000006062000940790204085020108070000070000
000000460000670809026080003085097000000030000000860210900040380803019000047000000
009006070802901000000003052638000010000000000040000386520300000000502608080100700
400000006005368100170000053000634000000000000060597040000000000029010460010405080
900800000750000000081690000073046005002000600500970420000018270000000064000002001
000008906060000000980004572009001730500070009043900100876100093000000060304600000
048070120000602000000090000000040000309000402060000070001709300400503007530060019
709020000030906000200040003170000500090705080006000024900070002000201090000050406
500070003000000700012049500008907000105000908000102600004510390001000000600090005
500000006000201000001680200090107840002000300046302070003028900000509000900000003
060495020000020000000603000600907008050080030008060500500000007107802405030000010
004000390120000000003042806000053089000201000310860000701620900000000038045000200
400000008090030040806201507005000700000305000200080009000070000024000170508000902
900070008000109000000080000000207000830000057700608009095000170417000893002000500
000600010080520079000340208000002090200000005010400000703065000690037040020004000
000307000310000074000429000030000010901605302000090000003000200400000006600258001
800006407000900000200083000103208060006050800090607203000430001000002000604100002
000210500010000030000305740031060050050000070080090120068902000070000080002031000
300800005020900040006014300009000083002000500530000400007340600060009070100007009
000045020700190000040000900004320600093000780006071400008000040000017009030460000
000407000052000800100080030306190070007000900010058306070040009005000160000906000
600020009004908700200000003016802370400107008000050000020000040008000900109304507
400300058250400310080100000000000673000060000764000000000004080013005064840001005
020701060050090070800453001090805040080000010400000003018070420205000706000000000
003102600000400018000060002000600021200070006390001000700090000530004000001307400
006000700000709000008103900400000002800205001603000405040010060100000004002604100
005000800400000001710000053000000000000264000300805006008010400520407019100506008
000002043008004200200607090007300060040090030050008400010809004009400700460200000
000701060840000070007040300300904007001080600400607001008030200060000084020805000
002008007000000080050690032083000064005806100260000890570069040020000000600100300
300206007090407080001508900000709000030000060020000090900000002150060073004050600
006947100030000090001000700000020000070050030302000408000504000169000584003010900
041000000060500041000091006009702080007000900030908600800270000390004050000000860
006000100150000086400000007070090020300608001010207030930020015004509800000000000
000974000017000840000000000203107904000235000000000000700306001640010082030050070
002040006600000500040005007050800703700306001306007020800100030001000009400070200
090407060507000908000903000300040005700208004080000020065000730000030000140000056
420076000800009020001020060060000500910000043003000080080090300050400009000560078
603007000000910060018200000701000500530000047004000906000001350020089000000300608
004080000080730240020600003000000670810000025052000000500007080068015030000060900
074009001050610000130000000200001008001050200400200005000000079000084030300500480
080200040620000093009060200000103007003000400100807000008090500960000028040002030
000400070300001200057068300086000002003040700900000140001670820002800001030005000
400201006076000230001070500590000042200090005030000010000926000960000027000000000
000050080470300050000471000001000530906000804048000700000265000090003028060090000
010000000008170009009500720000090360070206080046080000024009600600027100000000070
000060000000407000060531090620904018070000060850010034010000070005000600706000502
400009000600010004085000960000430008007050300500092000012000650700020001000600002
008000500020805090000106000705000203060070080000903000510307028002050300030000010
050016000010002095008400700560000100300070004009000053006004200290800040000260080
000090001005000060140280300009870020700000003030029100003067015050000600900030000
080060070200405009000803000600000008390248017000906000002090100006000400900000003
000800500085300020900007010003060085000905000650070400010700003070009650004003000
020000760000200103000816000874003900000000000009100857000345000903002000065000020
000435000200701003006208100001020700700000004050000010010000020072050430800302005
006001400090580000102074000000000013403000908610000000000320804000018050005600200
007000090400000180000205470500062700000030000006950008085301000091000007030000500
601050004030940260000000000000503607500020008307406000000000000089065070100030502
500090003070060020039752680003000200200000004040000060000010000804605302007000900
010000000200060704000071230700000640009050100051000008073410000804090001000000060
004005000010900340080002009705080020000203000090050801300500090076009010000300700
205700001000201900060009003071000038000000000350000620600400080004802000500007104
020003000001985002000040060780000020043000670090000045010030000300496200000700090
002007000860529000100006020000000159200000004619000000050100008000645013000700400
000060043013000600706400000005620001000705000600094500000002907002000360390010000
006030000000810600070400003000060240460705089092040000500001090007082000000090800
002014000000307000004600201490000320200030008078000015806009700000206000000850100
240093000700000000003500010008007051100305006960800700010009300000000005000150064
900400006001026300040000020010060005030704090500010030020000040004190700700003002
020008600005006007900700010610907500000080000009405061030002008200500100001800030
000000000706308905004675800097030650058902710000000000009000100000103000010060080
180000053002060400500000007600000002008906300201308605000050000400000009005734100
080020070000000000706105403900302006400070001013050290040000060200408005000030000
800000006050000030001402700406030201010000060070010090080601070000308000700905002
700501008030070050020968030000315000900000003001020600009050400070000080410000097
058000970030209060010030020000857000040901030001000700000070000023000510400010002
000000000040901020900352001003070400170000096805000207010407050000283000000000000
700020008000504000002000700070108090205000601400000007009000800160090035000356000
306090000010500000050760090900100430062000780037009006020048010000007020000010603
086090230007508400000000000004000800020070050500000003000050000905804102260000048
004500070720006040009000203030080002000205000200010080402000800010900025050001900
000218000420090015000000000632000184900060002050802060305000408001924500000000000
280000014000000000605000903010080090090406030006030200300805009960040027000209000
300540070006270010400000000060300500200090003004002090000000002070025400090086001
004700300003000987000900001060594000090000060000326090700009000825000100009007500
020000080305000104700060009401000803600103005000070000030706010000000000900428006
008030010600070200010200003000804700450000096002507000300002080006040001090080400
508200704120000000000030200380400600000010000009003057005040000000000078604007305
069001570000070600400000020000010207082000910701060000070000003006050000094800150
900000200015706000400300705008600000640000051000003900801009004000107580004000009
012069007605000000700803100000700010304000506090006000007301008000000701200970630
540000019000040000210000037402905108700804003000060000006000700020000080004281300
000201070900070000002309400607000305050010020809000601005103700000090002030508000
003406200100000005000103000010060020600275009205040603000000000002000700004592100
060004000000200090204970000008400705040020080107006200000093607080002000000700050
018020350000106000004000900380000067900804001000070000000308000005702100030010090
051726380000304000043000670000901000009060500720000061060000010002103800007000200
000068001600300090002405030090000006003010200400000070040506700070009002300270000
600000003030000090090040020020307050000080000500020006402106305300205008900000002
200010008300685002006000500000090000700106005020703060057000980600070004030409050
098000620600000008000090000000010000000309000201050907046000270020104050300705004
008000200904502701000308000000486000700010004000020000309000508640000012001000600
000943000000807000500000003006030100050701030004508600020106040041000780800000002
021003800040000012800004003506080000000409000000010705700200008260000070004800230
000347000030000080001000900800402005200090006040050020004000200060809070080704050
001805400050000030086301750000060000010020060600904005540000071108000604002000500
030060900006900070000300864900006007403000608100700009317002000020007300008030050
005006080200030500080005001603010000020604010000070609400800020007020006030900400
905004100000600000034090020000009050190080046050400000080060390000008000007900805
007520060800076000000000001050207006780000023200905010300000000000650007070048900
850090014000060000004000900230000078000040000000803000010408060008000700340607021
003761008800000000000004150089000000061408320000000780028600000000000007500983600
000508000300000004010040060000090000709050601050604020040000090507080406091403280
200790004003201000000008090069000047100000009570000630010800000000506900600047003
003102000050300207100009300060000000008924100000000080009700001305008090000203500
270060038900403006004107900009501600000040000003000800010000090007000500000736000
000010020430200090000807000004502910300000002018306400000703000040009058020050000
008010300500000008070000010007102900002070500080503060600708009800030006005020800
080090100000108305170000000010204030400070008020306090000000043308502000007030050
700000003000103000800957006070000080000060000683000245010605030005802700900000004
006132800008000500000080000009305400270409018301000605060090050500020006003000900
006384100023906740000000000000000000409703802070401050054030210000549000000000000
000050200200000300000302081306090070900010006070080403630408000005000008008060000
000900305000700940009040800400100000601020503000006004005030100043001000908005000
007000400001402300800090002760040053039000840000903000006231700200080001000000000
030000020001000900080962040360501074010030090000804000000040000005209300806000402
000204000004105800050697030320060084005000600010000050002070100078000540000000000
020040050907100402800003000009800003008010200200007800000600004702004108080030090
009800204400000060003090000200080400900615002006040009000060800010000003804003100
063000970040080060100090004000020000030174090200000006006000700080503040300040009
000070800100503090006000035050007000027080460000400010610000200030804001005010000
100007000000309608030620000600000080700163002050000007000081040802904000000500001
702010405050040020004000600570000061000000000000807000400103006900070008806504203
020070008000000430000504002800000029090237060760000004900803000036000000100020070
200090004469000327000060000026000410008105600500000009002609700010000090090050040
000000000000020000830000016040705060080306040590000073003804100024000950100000004
700008000000007840000900023001700680002010300037002900680003000079800000000200008
000605200026300090500009030604000023000000000910000807080500009050003140001207000
000010800070640030300005000009050020540302019080090400000700002060031040003020000
000050000000802000000109000900060001507000908180000032030605080760000019800904006
030408020605701809410602035007000900200000008060000010100000007070843050002000600
000309000050060080407000603235000416000040000070010020000000000706080305008704200
000010704000000020467200090100020040020105060050070003040002975030000000509040000
000080460000040080840500002102700000080106050000008107500003029090070000023010000
003000000580070090600042501900000050000634000010000008207180003060090014000000700
020000050037000920008602400009000800840000097010509040900020004000368000000704000
007000600040020050150000079400000005085000360310207098068000940000604000000080000
003509200028000690004000500000090000000704000090302070150000086080000040406000905
300000709100700030050060108090208400000000000001906020406090010070002004908000005
705000106200030007301050208007000600000102000100604005500000002060000010000469000
000000143001023600900600070010800300009000400008005010020006001004230700167000000
407602108000708000001090700180000076306000209002000800600203005000804000700000003
300060002000050000004301800002903600010605080070000020700040006006000200520000018
080670000000002007006500800010204305200000004504806020001003500900700000000048090
000000006060570000209304700007000038300457009510000400001605204000082050900000000
050700130000090000047610009094006005000030000100900280400051890000060000039008050
050200900000098005910006000005700006260080091300009200000900072100830000006005080
040000780300090005105007900006302000050000020000609300004100503500070004067000010
670900000000760004209000000081040700960000081002080350000000206100027000000006078
080300500007489600000000000030010705205000108709050030000000000002691400004002050
003706100000000000160000024000010000009000300010805040031408250050000090206109803
006703800070600005000080009030000907005030200908000050300020000600001070001804600
000060010003005600000203098670000000500134006000000049790801000005300100010020000
082500000000603009000024003024000031001040900690000480400960000100205000000001670
007900800080700050405000301000080032000305000850010000906000405030008010008006700
006400280580090070400000006000305007060000020700601000800000004010030052095004100
053090400000000032000304007005200046100000003490003200700105000560000000004030650
400813005370000012000000000000000000203901806049000150760020084000080000900735001
016000370050000020000601000580000012061050780200080005008000200300020009000507000
030821050000000000100305004300000007040107090900204008000040000004050600070603020
400200008030500270060080000000906015007000600310802000000020090089001050700008006
300160000076020000510000000000270905009806400208054000000000019000040830000091002
000700100080060230210080000030006001007108400900500060000040017073050020005007000
090004030600000001008530900100603400006000100005408006004095700500000003070300010
000040000402106809050000010000907000600438002007000600070090020006000500200504007
000006078580701000003400000009100007040509020100003900000007500000805014710300000
394007000070000030206000009900208400080605010001709005400000107060000090000900354
041000520000000000002401900409050307000000000700080002200090005908705203004020800
010008003004000268600000100020004006090605030300800090009000007865000300700500040
007906200000070000020508090300000005600315004002000800010000080030020070090807040
026190047700500000000060029000280490000000000091076000910040000000005008530017960
005800000009067500080000076020080003040795060900030050210000030003140900000006100
009502030650000090002006001007025000100000005000380900700200300090000024020403500
000109000000070000009532100890000041002000600067080520004000900028090370000827000
700609005049000280200000001000203000060090030002168500007040600800050003000010000
004006300059003060300008057142000000000030000000000645520400001090300420008200500
040000080100304005200509007002000700000000000080251060701040809400020003020000070
000907000030518040500030009020674030040000070010000080700000003100000004050209060
209500000040021000030604100900000500708050401001000008003106070000270010000005604
502960000036000000000000062005700640700408009049006100120000000000000780000097201
300080007908000301010000050003204700000308000009705100780000035106050804000000000
000105000009060300650000097000807000003000800400209003730506024500000001002000600
013000750000638000020000040002701900700203001900050007305000104008000300000304000
030090010800600004007003500004908070900070003060201800002300900300009002010050060
504010600100500007090030508000200806000000000305009000703090080400005003001080409
090370060000804003030029500009000200700080009002000400001430020600207000070098040
002000008050908070096007500003100009080000060500006400007600140020304080600000900
300105009005604100040090060000000000809000405600902008000000000407010806506000704
190502078200000009004801500010000060300020007000905000500070006067000830800000005
000908000000702000905000701000601000709804106040000030406103908800000002003000600
000400200000079300469052000700920008010000030600031002000280715007590000005007000
080000010002000600014070350006905200001080500800604003240000091000109000000050000
060000020104000605520000074200509007050030060080602010030050080000816000000403000
000005400000000091058940300700594000001070600000613007005036720630000000009400000
500000004400109002802000701600000009040000070079000520004756300000248000000030000
900000000034800500000030070208007010160203094070400602010090000006008250000000003
006087400040002050700040003360000000509070604000000025100090006090700040007430100
004800000030004060000130004060507901001080700702906040900071000040600090000009400
008007000000000490040302087025098000070503020000270650730401060082000000000800900
000821000007406100000050000500000004010000030000205000009080400073000810120709056
750090036400503007100000008000000000203407509040050070300060005004802600020000080
009000360000209070704030001600092700000604000005370006900010503030405000058000100
200704009040000070080000040000173000300040001000809000460030058008090600003010200
000010000006759400010020050900070004602000805050000030700060003800000009095000610
031050960900030007000709000009080300040106080000000000370000098080070030400823006
010020600000000300703009258000090026000254000140060000328600109001000000009080030
001080005500000006980035070009300420000000000028009600090510083800000002400070900
005201900000060000410000062000000000041000630003609500002070100070090020006503400
019000250007010400500206001008030100000508000050090040030000010005104300002080500
700003080040060002000004090860140070400000005020097018070300000600080050080400009
009000200000903000080060090800090007500000004130507062000846000000000000026309850
050020010107403609000681000000000000601000407048000930500719008009235100000000000
000106980000800100000004603570000092201000806690000051109600000002003000036709000
030001000000509003207006008702000005008090100500000306400800709800704000000900060
420030081300000006078010530007000800000000000130000067500070008009502100001349600
000306010105020600060400020200000108070090060908000007030002080009050402020904000
400300081000000004198070500900030100000948000006050007005080419700000000380009006
100603005080050090032090640018000950000405000040060030450000028000000000009000400
603097004004000009070020000012008090000030000060700410000080060200000800400560207
000426000000000000002517800590000037100205008040603010700801004020000070009000300
006000100080000040052000960071904530030506080000020000098105320000030000000798000
620507100090010080501800006000000800070020030009000000300008901080030070007201048
000000000750409032000635000000000000009020800005301900180000075070864090093050280
000901300004803000900020010340000097001000500590000068010090005000408600007506000
008000100304000706020010040000000000400532001000987000672000419009106500050000020
670300804008009020050000006003500070020090060010007300900000040080200600201006083
006040500800060001700201003008000700910000068000080000005070300600030007003409800
800406005000090000090030010248000536061000940000060000004279100020000060500000009
020001700000360905570090000800000030039000250050000009000020041301045000007800090
250010007000200005008460900000000170905000206076000000004058700600001000500040062
800070009026108730000402000000000000073080650000060000008736500704000301060000080
010050070002897100709000408000000000980040037000102000400000006030000080026070310
000000950000180040002400001420008605090000020508900017600001700010043000057000000
800200040000008025001000907000800032000943000340005000506000300190600000030009001
000050006120630090000000417000000064030908070290000000948000000070094081500080000
960000038000000000001070500800307009000618000310090075090060040627000951000000000
000804000900000003002376900480201035025030890300000002006000300000000000013080450
000142009001000300080300050012700003070000060300005720060007040008000900700453000
460000039003000500905806204000000000600923001004105900340000098000000000009302100
000000000040207030960040071000090000003802600480060012008070400150000029000609000
000018200100000060096700080750080000200904006000050079020007910070000003005490000
005070400600000001020050090400602005002105800050080060070908010504000908000000000
000302700002090000050060320000081030804000601020540000063070080000030400007804000
000043010209051000000800070380000700670000041001000056050004000000120405020630000
090050004040900061001400000000006400300714008008300000000005600620009040700040010
800200300569001000002600000700190040090000010010026009000005600000700524007002008
700005302030007850580000000910060000000531000000070063000000031059200070304700009
004718300000203000000405000008000900060000020500080001050642080600109004900000003
070000200000003001100682000093807400002040500007205690000376005200900000001000030
500000004019000680000308000700806003000192000000050000002000500060030020053204890
401027006900000200000005304070250000000806000000039060802500000006000002500970601
005090006800000709000060580040001203000306000308900060084020000503000004200070800
905008001030001070000600004750206900000000000004109056300004000020800060400300105
001000600000846000040070090060000010890104025005702400000080000310000056400605003
907600420000710090030800500000400900050000030001003000005009080010076000093008106
005600070000003106001080040900035800000908000003140009040090600509300000020006700
000198000000504000100020009003000800200000004045000360060759030070861090900000001
409000100000900604000000030200010309104308206807020001020000000905004000001000803
000605000200000008003201500006000300009000100720030084902000407000050000057090260
003800000704019002000030060075000810000080000089000650010090000900370506000002100
000357000002000300000102000620000087007604100800020003098000630056030290200060001
009500030643200090000030024000000049004000300510000000280010000030005271050007900
003567900070000030800090004000000000001703600007040300100000009708901405060050070
560007000700000002009304150100400008000070000400005006074601800200000003000500024
005040000000900400082007905006109070700000003010704600209400750001008000000070300
080007040704000006002400750900504600000020000005906004098001500500000201010200030
090074300100080026600100800009400060000000000070008900001006004950010002002340090
803940007050000040000002009007306001300000002400201300700500000080000020100038905
700400000082900300030078000008090004014050970300010500000180060007006210000007009
056000010890005043000400006070030400000784000008050090900002000580300029020000860
060128050009403700000000000000506000005709800000812000048000970090000020503904608
000030000090207030210000048704601305100000004000408000500000002000506000308020106
006205800800010003051000460085090310040107080000000000030060050070000020008000700
080510000010000039003000200000942005900708004800361000005000600130000050000075020
020900000048000031000063020009407003003080200400105600030570000250000180000006050
002000800005020100460000029130060052009080400000302000006070200700000008020519070
802600009000058000006000401090406005020000040600203090205000900000970000100002804
070000120100000067000200004200040070710030049090070001300009000950000006067000080
054608003700004000800000020690000102000010000203000047070000006000500008900306410
000159000015000790000000000100405008280000067500728001000896000098010420000000000
000000000340000091701060408800000006010000020600205009060107050005020100030090060
009610720001050004000000010000400109000185000507002000080000000700090200045027300
004060900860000014003000700000000000950642071600080002000000000025000680480010059
450000027000050000006040800014709560090000080005020700100203008023000190000090000
060070080107000503050104090001000800600305009034206710000020000000907000000601000
300006089690800070001200300400000910000020000035000002003008500040003091950700004
003040900000207000010000050029403570580102093001000800005020600000000000060501080
540900006000002708070430000080000901009040300602000050000021080107600000800004027
000402000000709000052000930023601450400375006000000000000000000008903600306000702
000020000059700420080031060006000090705060102030000500090810070023007850000050000
007890100030006080608000503020000006900010002800000050702000309040900020003087600
000709020050008309008300000092000074000040000310000580000004800201900060030801000
000809000043000870020000010300020009000308000010000020607000402084205690200704001
009370008000061009060090700000004000530020091000900000004010050300250000100047200
036000200000084006100600004010090300050406020008070010300005001800730000009000870
920504038000603000000070000105000806400108002007060500002000900740000051300020007
000000000418060030270830000006002805300050007801900300000094063040080791000000000
830060004000902007000310000040000280103000405028000070000079000200401000500030061
001000009607210350580400000010600000053000620000007010000002038078065902300000100
000000020000000609800501007000014070318090546020630000500708002204000000030000000
000000920906350000408009630009000070010080090030000100091600407000018309084000000
000065008000710004900000370080000703050020040204000050018000006500036000300890000
090030020005806100730000085007109800000403000010000050000000000580000079900501002
000000000805040709340080056030275040500403001000000000900138007010000060000506000
003600010000040050060012000040200875010000020528004030000350040030090000090008100
603000000002050630000040870501300060000507000020006901018060000039070500000000209
000502000060070080250308076000000000000403000830000095043000210900000003020907050
008020500003806700040000080009000300800643005300000004180405069000781000000000000
070809040060010050000635000810000024003000700040050060700000005500461008000070000
000000084400000900108400276000910407000602000306045000943008605001000002850000000
070103050400000002018020730002958600091604280000000000900000007060010040004080500
400908003080304060002605100010000050703000901005030700070206010009000400000050000
000020000060000040902000306000040000045030710700000008420901083000302000089050120
040000010001000700009807500036040280400602009000000000005704900003060400060905030
070002090100005403035000600740306000000000000000708014007000960903800002020100080
000005073007109002600000900100800500020030090004006001001000009800407300970200000
000800010000036500050000083800360070600509002090048001180000090002490000040001000
000815000706000805900000003402000608800070004070000030000306000060709010090040060
000006002912008000708900500020670008000000000500082060009004107000800254100200000
080000050700300608029050100000407080003090200060502000008040510904005003070000040
003000051006054020040309000017000040600000009050000370000702030030810700870000600
040050090030108050006000100000020000200040001600317002305000907010000080000593000
500030002308000605000105000000050000051000240004601300025704860000000000140000029
007000500000109000090587010020000050030852060000030000304000605906000203270000081
001000900307000408400030001700000003900106002060305010093804120000050000000901000
500728006407050000006000800032040000800000004000010720008000400000080109200631008
000860001052940000000050089503000004400000002200000308730080000000094810900026000
060000020279000863000000000000904000603000204040235070030598010008000600500000008
000609000000050000608401209065000970031000540700000002000090000074000820100080007
050000060869000714000804000000607000004030800700040003900000001001050400073000650
009084000070100060003000805700605080400000007050407006205000700080003010000840600
470000095300804007000607000006105400003070100020406070207000508050040030000000000
902007030700900601060000000540090000009080500000060019000000020305008006020300804
000924037029005000040030000070000003095000680200000050000060040000100970580493000
001000000720800006060004801100209004400108007200605009905300070300007095000000100
002107300860304019000000000058000420020010090007000600600409003080000070500000006
053000420007508600008020900000050000200000004090784010104000807000000000002607100
004000500000024008095700006070060081050090040830070050900007860300940000007000200
006070021800000450000005600030008075000706000790100060004200000057000003260030700
830000047006301900000000000007508400900020005350000016460209071000070000028000590
083000450020050090600982003000030000001405300300627004000000000508000901060000030
020093000090007028000680000630000900409000302008000075000079000760300010000410030
000030000608900020005060019000020005480503061700040000570090200030002107000010000
300000006500000001090000040069503120070901050030406070007040300620010085000000000
000010000501742309000539000307000801100000006900000007000291000060307010002000700
000741000800000007020805010900103004050000030200050008030408070592000843000000000
704001009060000420020500001500040900000908000001020008900006040017000060200300107
800400050100000234040006001600309010000508000080104005200600040718000003060001007
010605020000030000000402000000000000006107800050964070065020130009000200780010064
000009300050800010000026008005000080061453790090000400700630000020001030003900000
000000000006731200280605017700000003004308700900000006005000400801000302000263000
400006802030000407608007001000784020000000000040593000900800704804000010102400009
053068090010700300006000008009000600040381070001000500300000400002004050080610930
008607200070090080060508090000000000040901050000364000200040005700000003605030409
008010030000250800090000027500007040780020015060500003170000090009072000050090300
100900030000020005540700009800500060050108040010004008300007082900030000070009003
040200000902050008700481000000012000053000780000530000000325006300070109000008050
100000003080070060006020800304701602200000004010000030043000120020000080801205306
900040003000906000002507400006070900005000800000814000090201080000703000120000039
500163004006000300000804000010647020000000000050982070700000008140578069000090000
001280400000003000304005207073000001400060002600000980805700304000800000009052100
070420300004000107810000040000607004700030006300804000050000083408000900007089050
710002305002000608000081000600004000054000170000200004000590000509000400801600092
107030502040000010062000930000108000081603720070000050010040090500309006000000000
200900310309000060000463008000095000005106200000320000500679000010000806094002005
700802900080060007600010508000600000250000089000004000803040001900050030007103002
040908010003000600005060300000010000020000080030205070400602003300104009200080007
000080005065020709008700020000040008040208010800030000080004900304050260900060000
704100000002080005000004301508070030070000010040020607906200000400090800000005109
060301700307008905002005000078000009000000000500000820000700100806500307003409050
100005024500000300060430000400109500005070100001603008000086070007000009940500003
080000090000090000040208050100000007050703040062904530300070006000309000070040020
670000000090200000450010000005902700140070086007108400000020059000006040000000017
720000095060208040300704002500942007000801000000030000010405030076000950000000000
400900580058000002000002000030700025009050100580004070000400000300000290076003008
005904200000601000400070005600185003200307008000000000040000090380020047760000032
019000070000800060000730048003000007090267080600000200130089000050006000040000850
007300009100080025500006010000200080300804006040001000020600003470090001900008200
070000030160090085000401000906000702280000049000070000009080600630010098000040000
090805040040000050005609200580060073007904800900708001032000580000302000000000000
008007000027000060000260079300702100009000700002804005190058000070000950000600300
600500001080000009004020637000805090010000040020703000198050300500000080300006005
300018500080090306900200000000000063840000071230000000000006005709030040008140007
000000000160000049200186005008000500970040086040608070700513002000000000000409000
000100904000352807000000020000009045012000630430600000070000000204571000803006000
000204000520000073007090200000631000006429300004000100080000010200318007000702000
004573600700000001000060000900000007006831900030040010009000700608000209300602005
600039800087024000000000001002007305005000200308200100200000000000410730004750009
007301900130000048900060005000050000203000809000804000000603000300000001800719003
070500602060927000000010004085000006007000900200000580500090000000351060604008050
001607300090000060600000008023000450006000800500498002000000000308050701070030080
450600009006970008000300020000000597040000080625000000080003000500049800300001042
003400100000702000204008709035000097000000000180000540501300904000501000002006800
540070600203000008600000500020097000004301700000680050009000005400000103005030084
206050307000003000507006801025000000600000009000000710709400205000900000108060904
460030019007000400010000030790856043100307005000000000801000604000080000073604950
930040680050690010000008000041000000005864100000000740000900000010085070089030024
208007006600400083000005002094000300000080000007000860300500000710006008400100507
000004056700000130004800090000018005003207400800340000030006200015000008670400000
000308000840000027030607010070185060004030800000000000007503400000000000013409780
600030005040000060000107000810000023000000000204000806090010070006502300400673001
090000060045000830108000405080602010600000007000501000006803700021000640007000100
004000900800309005060080030600000008090106070301020604000010000070000020005407300
006940070100007000000306001094000806300000004607000250900503000000600002030012600
030700005008000047000410093300245006000000000500839001650084000920000500800002070
006200075000985000040000008000506200300020007001307000200000080000672000790003600
004005600060302070007100030600000050100608004050000003040007300080206040009500800
000401000500000004014020680000000000020709060061000930050203010002090700000184000
004830050615009000000600000920000040006102300070000062000001000000900287030056400
009102300230060081600090002000000000801000403070080010000000000100576009700204005
200000004007400000004150960000806140009020600086905000015084700000007500300000006
000800070302060000007510290000000308081040960603000000015098600000070504020005000
000306000200040001000090000023000840040050010081000570050030060010507080800604007
005000200800907001904802607009105800000030000500000006008020300100070004002000700
080293050002000400000060000008030100000687000007501900500020001820305046010000080
000000000430000072009080300001908200058000740900504006026090510000010000300000007
700908005061040290050020010002000300005389600100000007000507000000861000000090000
504000007070100040000057003001506070007000200050804300100980000080005030400000902
007000800020901030000000000700000006890060052060594070170000025985020743000070000
600802005009104300100000004000090000200501003430000057050000010010306020002000500
001050700389720000500080002090400200000000000005008030100090004000045861008030900
090700600006080001100003070005308007030000080800607900080400003400030100001009040
001000400300000009789000351000186000600905003510020096000607000100592004400000002
960000028010020060204080905700030006000108000800000007300040002185000674002000500
520000060004000358080900004000500030100287005060003000200001080658000400040000097
800000600060008000000604507000400105520080096104006000601807000000900030007000008
000030000120050067080201050006010700000602000094000610058000130007000200000349000
060000020408200705090800010000304180000000000073602000080001090105007802020000070
000600050720900080005004900008106095000000000410208700002800500030007029040002000
908100005027000060000000080001006090040913050060400300080000000010000830400008506
400000608006700000300040050000574080005903100060128000040010009000007300809000007
027060340000209000900050002400823005050040060370000014001000500035000970000070000
907050408005309600300000002000145000800090007050000040000901000400000003760000085
000008100702300800008601045100900060006000900050003001230509600007002509009100000
403600500000450000600000004008013400904000307006940800700000002000078000002006701
403000006080000290090504008006109400000050000005607800100702050034000080200000701
680000071200607009500000003000376000000501000067000150008402700090000080700000004
050100800109300200000000710000750002200060005600028000092000000001007904004009070
150020089009000400000050000900000006076000530000080000007000900090602040028901360
000059003000000270000723050360000547005030900912000086080967000026000000700240000
080000030004962800006000900400203001100409008070050020301000209000000000800507003
900802006080010030100000007060598010008000600040060070001080900400000002000749000
710000084500090002200108006900020008030814050000000000890603025070000060006000400
006501800000000000900060002000000000501608407827000965030000080002807500058000790
000010000302050801800302005700030004004805300600000007009000200026000450500080006
500600040080000000000078902075800003800010004200006890106230000000000010050009007
080104030001030400304607902007060100030000070068010390090000020000000000010906050
030000040000908000809000502006000400020090080000436000080000020092060370073204860
005030080000280730200070009903000000140000058000000304400050003069018000050040900
005000000708901005000540260090106000000030000000702090017025000500304701000000400
040005000005870004060901507000000020910000086050000000106509070500013600000400050
009300005500460820020000310000075000703000508000830000054000030096014002100003400
000090000108030209704000803010000080800351007002000300530709042040010030001000700
058001490069000000100200006000025040500000003070130000300002005000000810081500730
001705900000000000590000024180000059605030107000000000000000000240801096058000270
650001480001800030890000005000200800000745000006008000300000057060003100015400023
043000900005004106960000084030060000000327000000080010520000041306200700008000290
600030009010070040003010500001000700000481000380000024037000850009000400400706001
701340200500602870030000000000400600005090400003001000000000060079806002002075908
603090018800000000009500706000902100700040003004106000406009800000000002120080609
020807060000000000000090000103904507602705801970000046000582000060000070200106004
000400000450071000000000146200009003089030260100200004562000000000790052000005000
002090000607103000090004006080000531009000600236000040100600070000209803000050400
043020570005000800207000609030000080600809007002107300090000060000901000000304000
008302400900070008000060000006725100000030000100000002810040027307108906060000030
090080700000006109376000500030508000900000004000203080009000672102700000003020010
500708006008030500040905080120000063700316002000090000000000000030201070900000001
093080260000309000700010003406000308070532040000000000534000916020000070000090000
070600400008530000502000630090145003000000000100263090041000308000084200007002040
000000000710805046900040001029070460000000000401000705040030080205000107608010904
109050407500708002000010000080000010000000000020080030060305070050871040003040500
016000780004020600000000000000905000080000050090704010001070500870050023400803007
003000100150000074940000083830207019010000020000509000601000507000193000080000090
000400905253000010090010000000070021710020039930060000000090040070000893309006000
005000000004200500961058000406020009007000200200030607000940752002006400000000900
006000009700960800500000000609470180020000070071053402000000005003084007100000900
000800004004607000006040805972000140000000000053000279401050600000406900300002000
000000500000000017000085032900630020307801609080042003690570000140000000003000000
003000070806907000000050019030701050004060800060503090620070000000605401040000700
005200800007069000900050027010000004026080510800000070170040009000190700004003100
206700000003058000590100000601007000030804010000600702000009041000380600000001908
069000740750060039300000006000508000076000180080040090000206000600809003890000061
100507009006824500000901000201000306300000005080000010000000000804000102500216007
000700020809150000002400570000000456080000090964000000053004100000071903090008000
006000100014070950000060000060849070002107800007000300030000020000415000058306790
060500093000070026030000501009400350000209000014008200302000070740080000980007030
700001049400608700080000000510304070000070000070802061000000090003205007160900008
401700000960503000805200000002080400000904000009030500000009805000307042000006309
005104700070020080003090500730408056000602000050070010080060020000000000040801060
070010006923006010000008020090380000007000900000095040030600000060400152400050060
000000807090018050080209006806000003000602000300000504500307020060120040201000000
200000005000000000507010809000000000460020037005769100040302050003090400008070600
029000005450007300006002000000700010103405802040008000000200500002900046500000230
003206100600010009009708300375000648800000002000000000501304806000000000908000203
007000030650080400100900005900704200000060000004805003700002008009070012030000600
004020900000000000592000768000000000320000086901030504680000049003040600010206050
040070000031800500007060000019608200050000060008502970000030700006009420000080010
000610300090005800601000000500070103060501080308090006000000702002100030005047000
700010058100400000005082400009000080801050703030000900007640300000003009320090004
900000012410200000000071098090000300007040900001000080230150000000006029160000007
050060000900000060800107050003500000624090537000006200090602003030000008000080020
071830000000419005000000008050000037980020041630000020300000000800357000000048150
600000001000000000018070960500080003080000040190307086002608100000000000030951070
006790050350000010000030004000908007504000902800502000600020000020000078010087300
006000900090000030100702004708000502060020010020050040080030090004609100009000400
400070900002004006039500010020000000145000728000000050090007360500600800007010005
630001502010008093900005000176000000000080000000000729000200001350400070201800035
000000050080002600400076098001790300000080000004065100170530006002600070050000000
020307000083040120000080000000003476005804300634900000000030000098020630000706080
000209000005346900000108000007000600080507020030000080300000006054000310206000408
360070009005000004007002610004905000500030002000807500026700400800000700700080091
060020080000000000100805006050603020007000900006207500490030015500010002600000008
005090800001547600060000070000409000000050000090103050007602900200304008004070100
000904000090307080040281060000706000480000036050000070700090005008000900025000840
500040003008060900006702400000090000000801000103605804300000009002050700804000302
010000020904000306003060500020736090700000003500908002007040900005301200000000000
475030000600000000000400037040100650502000809036008020750004000000000008000070294
000700063000310507600000900016500000000279000000004390009000004205037000170002000
000194000017000630200000001070859020103000708000703000000000000001205400006978500
000170030800300500047009100002000076100080003630000900006500320003002005050043000
820000056100000003506010709900050008000729000050000040000000000001268500080040070
000070805000402070004030002000023018030000020860140000400010500050306000607050000
060300800080010069905800300000000601010000020506000000008007406740030090002004070
305906708960000042000000000003000400000643000670000091001407900400208007006000800
203000805460050029895000163000030000007000200980070031500010004600000002000294000
000010564007002010190000028000064000200308005000190000940000082010800400682040000
070000000010300564024008700006703080000080000080501200001900840853004010000000050
900207001800000004004010300090000020300000009070982040006309700500000002000128000
080000009009700400300040005008004503070805090403900700800050002006008100900000060
200005008034000090007008240605010000000406000000070401013700600070000310400300002
009020100084500030200300058000000560800010009076000000740002003020007810003040700
000007034800200900000109500060000089020040050710000060002905000006008005150300000
003000560008030002700500940000600000005273600000009000064002007300060100017000200
012370804805100030000006000100000000900401008000000005000900000060007402507034190
102004007030002010000060002960030000004608100000090073800040000040900080600800709
006009350300070200790000006200901000030020010000308002600000024001090003024700100
018030720007106300090000010040000050800905001009080400000070000005000600730000082
021000007040007600000082500800000370000351000063000002002160000006800010100000490
100000009058000230003000500010789020034501780000000000020000070000908000007203600
000000100020301060106000900010246080000107000080953020003000507060508040004000000
060208070420000083000539000000020000010000040802000301306010802008307900000050000
006700010400030600010089007002000004041000890600000100700850030003090005060002400
000000000821700004049008007450087010200090005010250078500300860300005241000000000
120408067000000000980000045000896000801000206003010400050000010460070093300080002
500008003004017000000609070765000900020000050003000126050704000000520800900800005
025000380080203060900000007530462091007090500000000000000020000200835006050706010
410080203200600080700102005000065100000000000001470000500906007060008009903010058
070000060905000304000329000001000600820105049000060000000050000060090030130602097
000020507700000000600890020810050902000060000206080014060035009000000006407010000
902000103604208905005000600300070009400000006000020000003000800060807090700431002
700403005003002000000610090350000801002000300109000054080037000000800100600204007
029080160570000089003020500008106900000000000030497010000902000190040052000000000
610000059708503102920000074000176000000030000500902007001000600000000000307060205
000070030002600047150000000000005370080264050025300000000000086630009500070080000
020040930000000580100003006002607300030000020004205800300400008076000000041070060
400650000010008700030007000760010030004309800050040096000900050001500020000086009
100732006500000007200060008000000000040906030000478000001000700680000023750000049
600400502000800004942600008004008000309000806000300400400006215200004000106009007
040030070906200004000019050005000020207000401060000500020540000300001208010060040
503001008000008000009740302670000200008050600004000091907063100000100000300200705
670200035105000000290000700000035000007104600000670000002000056000000309450003021
406908501002301600000000000013080260600000008900603007000050000000107000507000804
003000700010700009540000008000907005095040670600103000700000054300002080004000900
700801009005209600030000040001308700003060800400000006380020095000000000090703060
860402015000708000040901060000176000090000030620000081005649200000000000076000450
001400000040050010003001902008102006010060020600705400302500700080020060000003200
100204009000106000000050000010070040270405098004090300900000004608503902300000006
100006700960000200070003004006104028000000000290608300600400030002000019001800002
050870900009040020000000800900200308170030096308006004002000000090020400007059010
001000800900000004008102600000010000040070060809000703000704000094806120680201095
047000190090000030201000807002050700700080009054000320009201600003040900000938000
200050008000302000730000019000508000002901800860000075003104500006805100000000000
100428006000000000480090025706501203020000010000000000007809600208000304000060000
006002080980000530020003006602040000000285000000030204200400070064000028050600100
100386007070405030023000650009000500000000000508702106000000000000201000450060072
000000010000900006080076205908205600600000001007608902501840070800001000040000000
000000000300609007000740016080010060097060230020080050460092000900801005000000000
300907008902010407060000020007000200000805000500172006005040600200000004090206080
030702010000000000520010069290308056100000004700601008000000000019030680060000020
000526000078000620000804000000951000041000590200703001020030040000000000034000970
901000008062900030000100096000308470000060000083702000830007000020001380400000602
430009060001002094000010007307008000000060000000700508200040000750100900010800046
100009500003500098020070400000000087000218000950000000001050040430007900005100006
000459000006000900200607008920000073000040000000502000103000509502801304040000010
370000058908000706002000900000203000090000030030518090700020009001000500020804070
000400076000052000000900802920010064705000103130080029403008000000190000510007000
450006000000000650601009300008062030200070005040910800006100709012000000000600083
010574020005060900000000000001080700000209000809050204500607003006010400030000080
001600200080090000704000090000010860059408310078050000010000704000040020003009500
500000702006009300000540010700000549000307000651000007070061000004800900205000001
006907400073000190000010000510070084000189000000050000000405000690000048027000950
000050000000907150720104000002090000107536209000010400000801023089205000000040000
000080000069000820400603009017000340000050000690030052001090200700000005000267000
000009023000020100200607005090006302000801000103200070800705009006080000570100000
